-0.001029324986623926 -0.004479453865183323 16.58645633614967
-0.008504577507436523 0.01622561461526296 10.18597133419081
-0.0001069151834272892 0.003287641217092891 1
-0.001550046645347712 -0.004132414757702422 1.934609953119676
-3.286841953735681e-05 -0.01065540091884851 4.795385355917206
-0.0003018026455544473 -0.00209770628703965 1
1.7738865460993 -3.1122046453631 -3276.166560483305
5.563326884672221 -9.791135017529934 -1734.264437678534
0.4826820718787704 -1.815158340236303 1
-0.000755638612820506 -0.008024174782245827 3.437317071082378
0.0007555054164661021 -0.004554734774456026 0.3220427035491105
-0.0001638861267142145 -0.002275149290943854 1
0.004031698016212131 -0.0329522222661377 84.52978243937778
-0.04792148559261675 0.1358072759017601 41.36999173451151
0.0007006017399103196 0.02707266387141675 1
-0.03192502478027552 0.07777582922317919 26.03494364617241
-0.026229559175529 0.100927755195888 2.492647865511807
-0.003656811338010766 0.01511683309150595 1
-0.01003232436910955 -0.01386787581567544 9.239591202032178
-0.009559533916329478 -0.01078745697653563 7.898538550721286
-0.001208243296302355 -0.001327659994012661 1
